-7.49	-0.0222054
-7.48	-0.0218016
-7.47	-0.0218016
-7.46	-0.0213979
-7.45	-0.0213979
-7.44	-0.0209942
-7.43	-0.0209942
-7.42	-0.0205904
-7.41	-0.0205904
-7.4	-0.0201867
-7.39	-0.0201867
-7.38	-0.0201867
-7.37	-0.0201867
-7.36	-0.019783
-7.35	-0.019783
-7.34	-0.019783
-7.33	-0.019783
-7.32	-0.0193792
-7.31	-0.0193792
-7.3	-0.0189755
-7.29	-0.0189755
-7.28	-0.0185718
-7.27	-0.0185718
-7.26	-0.018168
-7.25	-0.0177643
-7.24	-0.0177643
-7.23	-0.0173606
-7.22	-0.0173606
-7.21	-0.0169568
-7.2	-0.0169568
-7.19	-0.0165531
-7.18	-0.0165531
-7.17	-0.0161494
-7.16	-0.0161494
-7.15	-0.0157456
-7.14	-0.0157456
-7.13	-0.0153419
-7.12	-0.0153419
-7.11	-0.0149382
-7.1	-0.0149382
-7.09	-0.0149382
-7.08	-0.0145344
-7.07	-0.0145344
-7.06	-0.0141307
-7.05	-0.0141307
-7.04	-0.0141307
-7.03	-0.0141307
-7.02	-0.0137269
-7.01	-0.0137269
-7	-0.0137269
-6.99	-0.0137269
-6.98	-0.0137269
-6.97	-0.0137269
-6.96	-0.0137269
-6.95	-0.0141307
-6.94	-0.0141307
-6.93	-0.0141307
-6.92	-0.0137269
-6.91	-0.0137269
-6.9	-0.0137269
-6.89	-0.0137269
-6.88	-0.0137269
-6.87	-0.0133232
-6.86	-0.0133232
-6.85	-0.0133232
-6.84	-0.0129195
-6.83	-0.0129195
-6.82	-0.0129195
-6.81	-0.0125157
-6.8	-0.0125157
-6.79	-0.0125157
-6.78	-0.0125157
-6.77	-0.0125157
-6.76	-0.0125157
-6.75	-0.0125157
-6.74	-0.0125157
-6.73	-0.0125157
-6.72	-0.0125157
-6.71	-0.0125157
-6.7	-0.012112
-6.69	-0.012112
-6.68	-0.012112
-6.67	-0.0117083
-6.66	-0.0117083
-6.65	-0.0117083
-6.64	-0.0113045
-6.63	-0.0113045
-6.62	-0.0113045
-6.61	-0.0109008
-6.6	-0.0109008
-6.59	-0.0109008
-6.58	-0.0104971
-6.57	-0.0104971
-6.56	-0.0100933
-6.55	-0.0100933
-6.54	-0.0096896
-6.53	-0.0096896
-6.52	-0.00928587
-6.51	-0.00888213
-6.5	-0.0084784
-6.49	-0.00807466
-6.48	-0.00767093
-6.47	-0.00726719
-6.46	-0.00686346
-6.45	-0.00645973
-6.44	-0.00605599
-6.43	-0.00565226
-6.42	-0.00484479
-6.41	-0.00444105
-6.4	-0.00403732
-6.39	-0.00363358
-6.38	-0.00322985
-6.37	-0.00282611
-6.36	-0.00242238
-6.35	-0.00201864
-6.34	-0.00161491
-6.33	-0.00121118
-6.32	-0.000807441
-6.31	-0.000403706
-6.3	2.81943e-08
-6.29	0.000403763
-6.28	0.000807497
-6.27	0.00121123
-6.26	0.00161497
-6.25	0.0020187
-6.24	0.00242244
-6.23	0.00282617
-6.22	0.0032299
-6.21	0.00363364
-6.2	0.00403737
-6.19	0.00403737
-6.18	0.00444111
-6.17	0.00484484
-6.16	0.00484484
-6.15	0.00524858
-6.14	0.00565231
-6.13	0.00565231
-6.12	0.00605605
-6.11	0.00645978
-6.1	0.00686352
-6.09	0.00767099
-6.08	0.00807472
-6.07	0.00847845
-6.06	0.00928592
-6.05	0.00968966
-6.04	0.0104971
-6.03	0.0109009
-6.02	0.0113046
-6.01	0.0121121
-6	0.0125158
-5.99	0.0129195
-5.98	0.0133233
-5.97	0.0133233
-5.96	0.013727
-5.95	0.013727
-5.94	0.0141307
-5.93	0.0141307
-5.92	0.0145345
-5.91	0.0145345
-5.9	0.0149382
-5.89	0.0149382
-5.88	0.0153419
-5.87	0.0157457
-5.86	0.0161494
-5.85	0.0165531
-5.84	0.0169569
-5.83	0.0173606
-5.82	0.0177644
-5.81	0.0181681
-5.8	0.0185718
-5.79	0.0189756
-5.78	0.0193793
-5.77	0.019783
-5.76	0.0201868
-5.75	0.0205905
-5.74	0.0209942
-5.73	0.021398
-5.72	0.0218017
-5.71	0.0218017
-5.7	0.0222054
-5.69	0.0226092
-5.68	0.0230129
-5.67	0.0234166
-5.66	0.0238204
-5.65	0.0242241
-5.64	0.0246278
-5.63	0.0254353
-5.62	0.025839
-5.61	0.0266465
-5.6	0.0270502
-5.59	0.0278577
-5.58	0.0282614
-5.57	0.0290689
-5.56	0.0294727
-5.55	0.0302801
-5.54	0.0306839
-5.53	0.0314913
-5.52	0.0318951
-5.51	0.0322988
-5.5	0.0327025
-5.49	0.0331063
-5.48	0.0339137
-5.47	0.0343175
-5.46	0.0347212
-5.45	0.0355287
-5.44	0.0359324
-5.43	0.0367399
-5.42	0.0375473
-5.41	0.0383548
-5.4	0.0391623
-5.39	0.0399698
-5.38	0.0407772
-5.37	0.0415847
-5.36	0.0427959
-5.35	0.0436034
-5.34	0.0444108
-5.33	0.045622
-5.32	0.0464295
-5.31	0.0476407
-5.3	0.0484482
-5.29	0.0496594
-5.28	0.0504669
-5.27	0.0516781
-5.26	0.0524855
-5.25	0.0536967
-5.24	0.0545042
-5.23	0.0557154
-5.22	0.0565229
-5.21	0.0577341
-5.2	0.0585415
-5.19	0.0597527
-5.18	0.0605602
-5.17	0.0617714
-5.16	0.0625789
-5.15	0.0637901
-5.14	0.0645976
-5.13	0.0658088
-5.12	0.06702
-5.11	0.0678274
-5.1	0.0690386
-5.09	0.0698461
-5.08	0.0710573
-5.07	0.0722685
-5.06	0.073076
-5.05	0.0742872
-5.04	0.0750947
-5.03	0.0763059
-5.02	0.0771133
-5.01	0.0783245
-5	0.079132
-4.99	0.0803432
-4.98	0.0811507
-4.97	0.0823619
-4.96	0.0835731
-4.95	0.0843806
-4.94	0.0855918
-4.93	0.086803
-4.92	0.0884179
-4.91	0.0896291
-4.9	0.0908403
-4.89	0.0924552
-4.88	0.0936665
-4.87	0.0948777
-4.86	0.0964926
-4.85	0.0977038
-4.84	0.098915
-4.83	0.10053
-4.82	0.101741
-4.81	0.102952
-4.8	0.104164
-4.79	0.105375
-4.78	0.106586
-4.77	0.108201
-4.76	0.109412
-4.75	0.110623
-4.74	0.111835
-4.73	0.113449
-4.72	0.115064
-4.71	0.116276
-4.7	0.117891
-4.69	0.119505
-4.68	0.12112
-4.67	0.122735
-4.66	0.12435
-4.65	0.125965
-4.64	0.127984
-4.63	0.129599
-4.62	0.131214
-4.61	0.132829
-4.6	0.13404
-4.59	0.135655
-4.58	0.13727
-4.57	0.138885
-4.56	0.1405
-4.55	0.142115
-4.54	0.14373
-4.53	0.145344
-4.52	0.146959
-4.51	0.148574
-4.5	0.150189
-4.49	0.151804
-4.48	0.153823
-4.47	0.155842
-4.46	0.157457
-4.45	0.159475
-4.44	0.161494
-4.43	0.163513
-4.42	0.165531
-4.41	0.16755
-4.4	0.169569
-4.39	0.171587
-4.38	0.173606
-4.37	0.175625
-4.36	0.177643
-4.35	0.179662
-4.34	0.181681
-4.33	0.184103
-4.32	0.186122
-4.31	0.18814
-4.3	0.190563
-4.29	0.192581
-4.28	0.195004
-4.27	0.197426
-4.26	0.199445
-4.25	0.201867
-4.24	0.20429
-4.23	0.207116
-4.22	0.209538
-4.21	0.211961
-4.2	0.214383
-4.19	0.217209
-4.18	0.219632
-4.17	0.222458
-4.16	0.225284
-4.15	0.227706
-4.14	0.230532
-4.13	0.233359
-4.12	0.235781
-4.11	0.238607
-4.1	0.241433
-4.09	0.244259
-4.08	0.247086
-4.07	0.250315
-4.06	0.253142
-4.05	0.255968
-4.04	0.259198
-4.03	0.262428
-4.02	0.265254
-4.01	0.268484
-4	0.271713
-3.99	0.274943
-3.98	0.278173
-3.97	0.281403
-3.96	0.284633
-3.95	0.288267
-3.94	0.291496
-3.93	0.294726
-3.92	0.29836
-3.91	0.30159
-3.9	0.305223
-3.89	0.308857
-3.88	0.312491
-3.87	0.316124
-3.86	0.319758
-3.85	0.323391
-3.84	0.327025
-3.83	0.330659
-3.82	0.334292
-3.81	0.337926
-3.8	0.341963
-3.79	0.345597
-3.78	0.34923
-3.77	0.353268
-3.76	0.357305
-3.75	0.360939
-3.74	0.364976
-3.73	0.369013
-3.72	0.373051
-3.71	0.377088
-3.7	0.381529
-3.69	0.385567
-3.68	0.390008
-3.67	0.394045
-3.66	0.398486
-3.65	0.402523
-3.64	0.406964
-3.63	0.411406
-3.62	0.415847
-3.61	0.420288
-3.6	0.424729
-3.59	0.42917
-3.58	0.433611
-3.57	0.438052
-3.56	0.442897
-3.55	0.447338
-3.54	0.452183
-3.53	0.456624
-3.52	0.461469
-3.51	0.466313
-3.5	0.471158
-3.49	0.476003
-3.48	0.480848
-3.47	0.486096
-3.46	0.490941
-3.45	0.49619
-3.44	0.501035
-3.43	0.506283
-3.42	0.511532
-3.41	0.51678
-3.4	0.522029
-3.39	0.527681
-3.38	0.53293
-3.37	0.538582
-3.36	0.544234
-3.35	0.549887
-3.34	0.555943
-3.33	0.561999
-3.32	0.568055
-3.31	0.574111
-3.3	0.580167
-3.29	0.586223
-3.28	0.592682
-3.27	0.599142
-3.26	0.605602
-3.25	0.612062
-3.24	0.618521
-3.23	0.625385
-3.22	0.632248
-3.21	0.639112
-3.2	0.645975
-3.19	0.652839
-3.18	0.660106
-3.17	0.667373
-3.16	0.675044
-3.15	0.682715
-3.14	0.690386
-3.13	0.698057
-3.12	0.706132
-3.11	0.714207
-3.1	0.722685
-3.09	0.73076
-3.08	0.739238
-3.07	0.747716
-3.06	0.756599
-3.05	0.765481
-3.04	0.774363
-3.03	0.783245
-3.02	0.792127
-3.01	0.801413
-3	0.810699
-2.99	0.819985
-2.98	0.829675
-2.97	0.839364
-2.96	0.849054
-2.95	0.858743
-2.94	0.868433
-2.93	0.878526
-2.92	0.88862
-2.91	0.898713
-2.9	0.90921
-2.89	0.919304
-2.88	0.929801
-2.87	0.940298
-2.86	0.951199
-2.85	0.961696
-2.84	0.972597
-2.83	0.983497
-2.82	0.994398
-2.81	1.0053
-2.8	1.0166
-2.79	1.0275
-2.78	1.03881
-2.77	1.05011
-2.76	1.06142
-2.75	1.07272
-2.74	1.08403
-2.73	1.09574
-2.72	1.10704
-2.71	1.11834
-2.7	1.13005
-2.69	1.14136
-2.68	1.15307
-2.67	1.16477
-2.66	1.17648
-2.65	1.18819
-2.64	1.1999
-2.63	1.21201
-2.62	1.22372
-2.61	1.23583
-2.6	1.24794
-2.59	1.25965
-2.58	1.27176
-2.57	1.28388
-2.56	1.29599
-2.55	1.3081
-2.54	1.32021
-2.53	1.33232
-2.52	1.34444
-2.51	1.35655
-2.5	1.36906
-2.49	1.38118
-2.48	1.39329
-2.47	1.4058
-2.46	1.41832
-2.45	1.43084
-2.44	1.44335
-2.43	1.45587
-2.42	1.46838
-2.41	1.4813
-2.4	1.49422
-2.39	1.50714
-2.38	1.52046
-2.37	1.53379
-2.36	1.54711
-2.35	1.56084
-2.34	1.57456
-2.33	1.58829
-2.32	1.60242
-2.31	1.61655
-2.3	1.63109
-2.29	1.64562
-2.28	1.66016
-2.27	1.67509
-2.26	1.69044
-2.25	1.70578
-2.24	1.72152
-2.23	1.73727
-2.22	1.75342
-2.21	1.76997
-2.2	1.78693
-2.19	1.80389
-2.18	1.82165
-2.17	1.83941
-2.16	1.85758
-2.15	1.87615
-2.14	1.89553
-2.13	1.91491
-2.12	1.9347
-2.11	1.95488
-2.1	1.97588
-2.09	1.99687
-2.08	2.01867
-2.07	2.04047
-2.06	2.06268
-2.05	2.08529
-2.04	2.1079
-2.03	2.13091
-2.02	2.15392
-2.01	2.17694
-2	2.19995
-1.99	2.22296
-1.98	2.24557
-1.97	2.26818
-1.96	2.29079
-1.95	2.31259
-1.94	2.3348
-1.93	2.3562
-1.92	2.37719
-1.91	2.39818
-1.9	2.41837
-1.89	2.43856
-1.88	2.45834
-1.87	2.47772
-1.86	2.49669
-1.85	2.51527
-1.84	2.53343
-1.83	2.5516
-1.82	2.56937
-1.81	2.58713
-1.8	2.60449
-1.79	2.62185
-1.78	2.63881
-1.77	2.65577
-1.76	2.67272
-1.75	2.68968
-1.74	2.70664
-1.73	2.72359
-1.72	2.74015
-1.71	2.7571
-1.7	2.77366
-1.69	2.79061
-1.68	2.80717
-1.67	2.82372
-1.66	2.84027
-1.65	2.85723
-1.64	2.87378
-1.63	2.89034
-1.62	2.90729
-1.61	2.92385
-1.6	2.9408
-1.59	2.95776
-1.58	2.97472
-1.57	2.99167
-1.56	3.00863
-1.55	3.02599
-1.54	3.04335
-1.53	3.06071
-1.52	3.07848
-1.51	3.09624
-1.5	3.114
-1.49	3.13177
-1.48	3.14994
-1.47	3.1677
-1.46	3.18587
-1.45	3.20404
-1.44	3.22261
-1.43	3.24078
-1.42	3.25935
-1.41	3.27792
-1.4	3.29649
-1.39	3.31506
-1.38	3.33364
-1.37	3.35261
-1.36	3.37118
-1.35	3.39016
-1.34	3.40913
-1.33	3.42811
-1.32	3.44709
-1.31	3.46606
-1.3	3.48504
-1.29	3.50401
-1.28	3.52299
-1.27	3.54237
-1.26	3.56175
-1.25	3.58072
-1.24	3.6001
-1.23	3.61948
-1.22	3.63886
-1.21	3.65824
-1.2	3.67762
-1.19	3.697
-1.18	3.71678
-1.17	3.73616
-1.16	3.75554
-1.15	3.77492
-1.14	3.7943
-1.13	3.81327
-1.12	3.83265
-1.11	3.85203
-1.1	3.87101
-1.09	3.88998
-1.08	3.90936
-1.07	3.92834
-1.06	3.94691
-1.05	3.96588
-1.04	3.98446
-1.03	4.00303
-1.02	4.0216
-1.01	4.04017
-1	4.05874
-0.99	4.07691
-0.98	4.09508
-0.97	4.11284
-0.96	4.13061
-0.95	4.14837
-0.94	4.16573
-0.93	4.18309
-0.92	4.20045
-0.91	4.21741
-0.9	4.23396
-0.89	4.25092
-0.88	4.26747
-0.87	4.28362
-0.86	4.29977
-0.85	4.31592
-0.84	4.33207
-0.83	4.34782
-0.82	4.36356
-0.81	4.37891
-0.8	4.39465
-0.79	4.40999
-0.78	4.42493
-0.77	4.43987
-0.76	4.45481
-0.75	4.46934
-0.74	4.48388
-0.73	4.49801
-0.72	4.51214
-0.71	4.52586
-0.7	4.53959
-0.69	4.55291
-0.68	4.56624
-0.67	4.57916
-0.66	4.59208
-0.65	4.60459
-0.64	4.61711
-0.63	4.62962
-0.62	4.64174
-0.61	4.65385
-0.6	4.66556
-0.59	4.67727
-0.58	4.68897
-0.57	4.70028
-0.56	4.71158
-0.55	4.72289
-0.54	4.73379
-0.53	4.74429
-0.52	4.75478
-0.51	4.76528
-0.5	4.77537
-0.49	4.78506
-0.48	4.79475
-0.47	4.80444
-0.46	4.81373
-0.45	4.82301
-0.44	4.8319
-0.43	4.84078
-0.42	4.84966
-0.41	4.85854
-0.4	4.86702
-0.39	4.8755
-0.38	4.88398
-0.37	4.89205
-0.36	4.90013
-0.35	4.9078
-0.34	4.91547
-0.33	4.92274
-0.32	4.93
-0.31	4.93687
-0.3	4.94373
-0.29	4.94979
-0.28	4.95625
-0.27	4.9623
-0.26	4.96795
-0.25	4.9732
-0.24	4.97885
-0.23	4.9837
-0.22	4.98895
-0.21	4.99379
-0.2	4.99823
-0.19	5.00308
-0.18	5.00712
-0.17	5.01156
-0.16	5.01519
-0.15	5.01923
-0.14	5.02286
-0.13	5.02609
-0.12	5.02932
-0.11	5.03215
-0.1	5.03457
-0.09	5.03699
-0.08	5.03901
-0.07	5.04063
-0.06	5.04224
-0.05	5.04345
-0.04	5.04426
-0.03	5.04507
-0.02	5.04547
-0.01	5.04587
0	5.04628
0.01	5.04587
0.02	5.04547
0.03	5.04507
0.04	5.04426
0.05	5.04345
0.06	5.04224
0.07	5.04063
0.08	5.03861
0.09	5.03699
0.1	5.03457
0.11	5.03174
0.12	5.02932
0.13	5.02609
0.14	5.02246
0.15	5.01923
0.16	5.01519
0.17	5.01115
0.18	5.00671
0.19	5.00227
0.2	4.99783
0.21	4.99258
0.22	4.98774
0.23	4.98249
0.24	4.97684
0.25	4.97118
0.26	4.96513
0.27	4.95907
0.28	4.95261
0.29	4.94575
0.3	4.93848
0.31	4.93121
0.32	4.92354
0.33	4.91587
0.34	4.9078
0.35	4.89932
0.36	4.89084
0.37	4.88196
0.38	4.87308
0.39	4.86419
0.4	4.85491
0.41	4.84562
0.42	4.83634
0.43	4.82665
0.44	4.81696
0.45	4.80686
0.46	4.79677
0.47	4.78668
0.48	4.77578
0.49	4.76488
0.5	4.75397
0.51	4.74267
0.52	4.73096
0.53	4.71925
0.54	4.70755
0.55	4.69543
0.56	4.68292
0.57	4.6704
0.58	4.65789
0.59	4.64537
0.6	4.63245
0.61	4.61953
0.62	4.60661
0.63	4.59329
0.64	4.57997
0.65	4.56664
0.66	4.55291
0.67	4.53919
0.68	4.52546
0.69	4.51093
0.7	4.4968
0.71	4.48226
0.72	4.46732
0.73	4.45239
0.74	4.43745
0.75	4.4221
0.76	4.40676
0.77	4.39142
0.78	4.37608
0.79	4.36033
0.8	4.34459
0.81	4.32884
0.82	4.3131
0.83	4.29695
0.84	4.2812
0.85	4.26505
0.86	4.2489
0.87	4.23235
0.88	4.2158
0.89	4.19924
0.9	4.18269
0.91	4.16573
0.92	4.14878
0.93	4.13142
0.94	4.11446
0.95	4.0971
0.96	4.07974
0.97	4.06238
0.98	4.04502
0.99	4.02766
1	4.00989
1.01	3.99253
1.02	3.97517
1.03	3.95741
1.04	3.93964
1.05	3.92228
1.06	3.90452
1.07	3.88675
1.08	3.86899
1.09	3.85122
1.1	3.83306
1.11	3.81489
1.12	3.79672
1.13	3.77855
1.14	3.76038
1.15	3.74181
1.16	3.72364
1.17	3.70507
1.18	3.6865
1.19	3.66793
1.2	3.64976
1.21	3.63119
1.22	3.61262
1.23	3.59445
1.24	3.57588
1.25	3.55771
1.26	3.53914
1.27	3.52097
1.28	3.5028
1.29	3.48423
1.3	3.46606
1.31	3.44789
1.32	3.42932
1.33	3.41115
1.34	3.39258
1.35	3.37441
1.36	3.35584
1.37	3.33727
1.38	3.3191
1.39	3.30053
1.4	3.28196
1.41	3.26379
1.42	3.24562
1.43	3.22745
1.44	3.20929
1.45	3.19112
1.46	3.17295
1.47	3.15519
1.48	3.13702
1.49	3.11925
1.5	3.10149
1.51	3.08372
1.52	3.06596
1.53	3.0482
1.54	3.03084
1.55	3.01307
1.56	2.99571
1.57	2.97835
1.58	2.96099
1.59	2.94363
1.6	2.92627
1.61	2.90931
1.62	2.89195
1.63	2.87499
1.64	2.85804
1.65	2.84148
1.66	2.82453
1.67	2.80797
1.68	2.79102
1.69	2.77446
1.7	2.75791
1.71	2.74136
1.72	2.72521
1.73	2.70866
1.74	2.69251
1.75	2.67636
1.76	2.66021
1.77	2.64446
1.78	2.62872
1.79	2.61297
1.8	2.59763
1.81	2.58229
1.82	2.56694
1.83	2.55201
1.84	2.53707
1.85	2.52213
1.86	2.50719
1.87	2.49225
1.88	2.47772
1.89	2.46318
1.9	2.44905
1.91	2.43452
1.92	2.42039
1.93	2.40626
1.94	2.39253
1.95	2.3788
1.96	2.36508
1.97	2.35175
1.98	2.33843
1.99	2.32511
2	2.31219
2.01	2.29927
2.02	2.28675
2.03	2.27424
2.04	2.26172
2.05	2.24921
2.06	2.23709
2.07	2.22498
2.08	2.21287
2.09	2.20116
2.1	2.18945
2.11	2.17774
2.12	2.16644
2.13	2.15514
2.14	2.14423
2.15	2.13293
2.16	2.12243
2.17	2.11153
2.18	2.10103
2.19	2.09094
2.2	2.08085
2.21	2.07075
2.22	2.06107
2.23	2.05178
2.24	2.04209
2.25	2.03321
2.26	2.02392
2.27	2.01544
2.28	2.00656
2.29	1.99808
2.3	1.9896
2.31	1.98153
2.32	1.97345
2.33	1.96578
2.34	1.95771
2.35	1.95004
2.36	1.94237
2.37	1.9351
2.38	1.92783
2.39	1.92057
2.4	1.9137
2.41	1.90684
2.42	1.89998
2.43	1.89311
2.44	1.88665
2.45	1.88019
2.46	1.87373
2.47	1.86768
2.48	1.86122
2.49	1.85556
2.5	1.84951
2.51	1.84386
2.52	1.8382
2.53	1.83255
2.54	1.8273
2.55	1.82205
2.56	1.81681
2.57	1.81196
2.58	1.80712
2.59	1.80267
2.6	1.79823
2.61	1.7942
2.62	1.78976
2.63	1.78572
2.64	1.78208
2.65	1.77805
2.66	1.77441
2.67	1.77078
2.68	1.76715
2.69	1.76392
2.7	1.76069
2.71	1.75705
2.72	1.75423
2.73	1.751
2.74	1.74817
2.75	1.74494
2.76	1.74252
2.77	1.73969
2.78	1.73727
2.79	1.73485
2.8	1.73283
2.81	1.73081
2.82	1.72839
2.83	1.72677
2.84	1.72475
2.85	1.72314
2.86	1.72152
2.87	1.71991
2.88	1.71829
2.89	1.71668
2.9	1.71547
2.91	1.71426
2.92	1.71305
2.93	1.71183
2.94	1.71062
2.95	1.70982
2.96	1.70901
2.97	1.7086
2.98	1.7078
2.99	1.70739
3	1.70699
3.01	1.70659
3.02	1.70659
3.03	1.70659
3.04	1.70659
3.05	1.70659
3.06	1.70699
3.07	1.70699
3.08	1.70739
3.09	1.7078
3.1	1.7082
3.11	1.70901
3.12	1.70941
3.13	1.71022
3.14	1.71103
3.15	1.71183
3.16	1.71264
3.17	1.71345
3.18	1.71466
3.19	1.71587
3.2	1.71708
3.21	1.71829
3.22	1.71951
3.23	1.72112
3.24	1.72233
3.25	1.72395
3.26	1.72516
3.27	1.72677
3.28	1.72798
3.29	1.7296
3.3	1.73121
3.31	1.73243
3.32	1.73404
3.33	1.73566
3.34	1.73727
3.35	1.73888
3.36	1.7405
3.37	1.74252
3.38	1.74413
3.39	1.74615
3.4	1.74777
3.41	1.74979
3.42	1.7518
3.43	1.75382
3.44	1.75544
3.45	1.75746
3.46	1.75948
3.47	1.76149
3.48	1.76311
3.49	1.76513
3.5	1.76674
3.51	1.76876
3.52	1.77038
3.53	1.77199
3.54	1.77401
3.55	1.77562
3.56	1.77764
3.57	1.77926
3.58	1.78128
3.59	1.78289
3.6	1.78491
3.61	1.78653
3.62	1.78854
3.63	1.79016
3.64	1.79218
3.65	1.79379
3.66	1.79541
3.67	1.79702
3.68	1.79864
3.69	1.80025
3.7	1.80187
3.71	1.80308
3.72	1.80469
3.73	1.8059
3.74	1.80752
3.75	1.80873
3.76	1.81035
3.77	1.81156
3.78	1.81277
3.79	1.81398
3.8	1.81519
3.81	1.8164
3.82	1.81761
3.83	1.81882
3.84	1.82004
3.85	1.82125
3.86	1.82205
3.87	1.82327
3.88	1.82407
3.89	1.82528
3.9	1.82609
3.91	1.8269
3.92	1.82771
3.93	1.82851
3.94	1.82932
3.95	1.82973
3.96	1.83013
3.97	1.83053
3.98	1.83094
3.99	1.83094
4	1.83134
4.01	1.83134
4.02	1.83134
4.03	1.83134
4.04	1.83094
4.05	1.83094
4.06	1.83053
4.07	1.83053
4.08	1.83013
4.09	1.82973
4.1	1.82932
4.11	1.82892
4.12	1.82811
4.13	1.82771
4.14	1.8269
4.15	1.82609
4.16	1.82528
4.17	1.82448
4.18	1.82327
4.19	1.82205
4.2	1.82084
4.21	1.81963
4.22	1.81842
4.23	1.81721
4.24	1.81559
4.25	1.81398
4.26	1.81236
4.27	1.81035
4.28	1.80873
4.29	1.80671
4.3	1.80469
4.31	1.80267
4.32	1.80066
4.33	1.79864
4.34	1.79622
4.35	1.79379
4.36	1.79177
4.37	1.78935
4.38	1.78653
4.39	1.7841
4.4	1.78168
4.41	1.77926
4.42	1.77643
4.43	1.77401
4.44	1.77118
4.45	1.76836
4.46	1.76594
4.47	1.76311
4.48	1.76028
4.49	1.75705
4.5	1.75423
4.51	1.751
4.52	1.74817
4.53	1.74494
4.54	1.74171
4.55	1.73848
4.56	1.73525
4.57	1.73162
4.58	1.72839
4.59	1.72516
4.6	1.72152
4.61	1.71829
4.62	1.71506
4.63	1.71183
4.64	1.7086
4.65	1.70497
4.66	1.70174
4.67	1.69851
4.68	1.69528
4.69	1.69205
4.7	1.68882
4.71	1.68559
4.72	1.68196
4.73	1.67873
4.74	1.67509
4.75	1.67186
4.76	1.66823
4.77	1.6646
4.78	1.66096
4.79	1.65733
4.8	1.65329
4.81	1.64966
4.82	1.64562
4.83	1.64199
4.84	1.63795
4.85	1.63391
4.86	1.63028
4.87	1.62624
4.88	1.62221
4.89	1.61776
4.9	1.61373
4.91	1.60969
4.92	1.60525
4.93	1.60121
4.94	1.59677
4.95	1.59233
4.96	1.58789
4.97	1.58345
4.98	1.57901
4.99	1.57416
5	1.56972
5.01	1.56488
5.02	1.56003
5.03	1.55559
5.04	1.55074
5.05	1.5459
5.06	1.54065
5.07	1.53581
5.08	1.53056
5.09	1.52571
5.1	1.52046
5.11	1.51522
5.12	1.50956
5.13	1.50391
5.14	1.49826
5.15	1.49261
5.16	1.48695
5.17	1.4809
5.18	1.47525
5.19	1.46919
5.2	1.46313
5.21	1.45748
5.22	1.45143
5.23	1.44537
5.24	1.43931
5.25	1.43366
5.26	1.42761
5.27	1.42195
5.28	1.4159
5.29	1.41024
5.3	1.40459
5.31	1.39854
5.32	1.39288
5.33	1.38723
5.34	1.38158
5.35	1.37552
5.36	1.36987
5.37	1.36422
5.38	1.35816
5.39	1.35251
5.4	1.34645
5.41	1.3408
5.42	1.33475
5.43	1.32909
5.44	1.32304
5.45	1.31739
5.46	1.31173
5.47	1.30608
5.48	1.30043
5.49	1.29478
5.5	1.28912
5.51	1.28388
5.52	1.27863
5.53	1.27298
5.54	1.26773
5.55	1.26248
5.56	1.25723
5.57	1.25238
5.58	1.24714
5.59	1.24229
5.6	1.23745
5.61	1.2322
5.62	1.22735
5.63	1.22291
5.64	1.21807
5.65	1.21322
5.66	1.20878
5.67	1.20394
5.68	1.1995
5.69	1.19505
5.7	1.19061
5.71	1.18617
5.72	1.18213
5.73	1.17769
5.74	1.17366
5.75	1.16922
5.76	1.16518
5.77	1.16114
5.78	1.1571
5.79	1.15307
5.8	1.14903
5.81	1.14499
5.82	1.14095
5.83	1.13732
5.84	1.13328
5.85	1.12925
5.86	1.12521
5.87	1.12117
5.88	1.11713
5.89	1.1131
5.9	1.10906
5.91	1.10502
5.92	1.10098
5.93	1.09654
5.94	1.09251
5.95	1.08806
5.96	1.08362
5.97	1.07918
5.98	1.07474
5.99	1.0703
6	1.06586
6.01	1.06142
6.02	1.05698
6.03	1.05254
6.04	1.04769
6.05	1.04365
6.06	1.03921
6.07	1.03477
6.08	1.03033
6.09	1.02589
6.1	1.02185
6.11	1.01741
6.12	1.01297
6.13	1.00893
6.14	1.00449
6.15	1.00045
6.16	0.996417
6.17	0.991976
6.18	0.987939
6.19	0.983901
6.2	0.979864
6.21	0.975423
6.22	0.971385
6.23	0.967348
6.24	0.963311
6.25	0.959677
6.26	0.95564
6.27	0.951602
6.28	0.947565
6.29	0.943528
6.3	0.939087
6.31	0.935049
6.32	0.931012
6.33	0.926975
6.34	0.922937
6.35	0.9189
6.36	0.915266
6.37	0.911229
6.38	0.907192
6.39	0.903558
6.4	0.899924
6.41	0.896291
6.42	0.892657
6.43	0.889024
6.44	0.885794
6.45	0.88216
6.46	0.878526
6.47	0.874893
6.48	0.871259
6.49	0.868029
6.5	0.864396
6.51	0.860762
6.52	0.857129
6.53	0.853495
6.54	0.850265
6.55	0.846631
6.56	0.843402
6.57	0.840172
6.58	0.836942
6.59	0.833712
6.6	0.830482
6.61	0.827656
6.62	0.824426
6.63	0.8216
6.64	0.818774
6.65	0.815948
6.66	0.813121
6.67	0.810295
6.68	0.807469
6.69	0.804643
6.7	0.801817
6.71	0.798991
6.72	0.796165
6.73	0.793742
6.74	0.790916
6.75	0.78809
6.76	0.785668
6.77	0.782841
6.78	0.780419
6.79	0.777593
6.8	0.774767
6.81	0.772344
6.82	0.769518
6.83	0.767096
6.84	0.76427
6.85	0.761847
6.86	0.759021
6.87	0.756599
6.88	0.753773
6.89	0.750946
6.9	0.748524
6.91	0.745698
6.92	0.743275
6.93	0.740449
6.94	0.738027
6.95	0.735201
6.96	0.732778
6.97	0.730356
6.98	0.727933
6.99	0.725511
7	0.723089
7.01	0.720666
7.02	0.718648
7.03	0.716225
7.04	0.713803
7.05	0.71138
7.06	0.708958
7.07	0.706536
7.08	0.704113
7.09	0.701691
7.1	0.699268
7.11	0.696442
7.12	0.69402
7.13	0.691194
7.14	0.688368
7.15	0.685541
7.16	0.682715
7.17	0.679889
7.18	0.677063
7.19	0.673833
7.2	0.671007
7.21	0.668181
7.22	0.665355
7.23	0.662125
7.24	0.659299
7.25	0.656472
7.26	0.653646
7.27	0.65082
7.28	0.647994
7.29	0.645168
7.3	0.642342
7.31	0.639516
7.32	0.636689
7.33	0.633863
7.34	0.631037
7.35	0.628615
7.36	0.625789
7.37	0.622962
7.38	0.62054
7.39	0.618118
7.4	0.615292
7.41	0.612869
7.42	0.610447
7.43	0.608024
7.44	0.605602
7.45	0.60318
7.46	0.600757
7.47	0.598335
7.48	0.595912
7.49	0.59349
7.5	0.591067
7.51	0.588645
7.52	0.586223
7.53	0.5838
7.54	0.581378
7.55	0.578552
7.56	0.576129
7.57	0.573707
7.58	0.571284
7.59	0.569266
7.6	0.566843
7.61	0.564421
7.62	0.562402
7.63	0.560384
7.64	0.558365
7.65	0.556346
7.66	0.554328
7.67	0.552309
7.68	0.550694
7.69	0.549079
7.7	0.54706
7.71	0.545445
7.72	0.543831
7.73	0.542216
7.74	0.540601
7.75	0.538986
7.76	0.536967
7.77	0.535352
7.78	0.533737
7.79	0.532122
7.8	0.530507
7.81	0.528892
7.82	0.527277
7.83	0.525662
7.84	0.524048
7.85	0.522433
7.86	0.520818
7.87	0.519203
7.88	0.517992
7.89	0.516377
7.9	0.515165
7.91	0.51355
7.92	0.512339
7.93	0.510724
7.94	0.509513
7.95	0.508302
7.96	0.506687
7.97	0.505476
7.98	0.503861
7.99	0.50265
8	0.501438
8.01	0.499823
8.02	0.498612
8.03	0.496997
8.04	0.495786
8.05	0.494575
8.06	0.493364
8.07	0.491749
8.08	0.490538
8.09	0.489326
8.1	0.488115
8.11	0.487308
8.12	0.486096
8.13	0.485289
8.14	0.484078
8.15	0.48327
8.16	0.482059
8.17	0.481252
8.18	0.48004
8.19	0.479233
8.2	0.478022
8.21	0.477214
8.22	0.476003
8.23	0.475196
8.24	0.473984
8.25	0.472773
8.26	0.471966
8.27	0.470755
8.28	0.469947
8.29	0.468736
8.3	0.467928
8.31	0.466717
8.32	0.46591
8.33	0.465102
8.34	0.464295
8.35	0.463487
8.36	0.462276
8.37	0.461469
8.38	0.460661
8.39	0.459854
8.4	0.458643
8.41	0.457835
8.42	0.456624
8.43	0.455816
8.44	0.454605
8.45	0.453798
8.46	0.45299
8.47	0.452183
8.48	0.451375
8.49	0.450568
8.5	0.44976
8.51	0.449357
8.52	0.448549
8.53	0.447742
8.54	0.447338
8.55	0.446934
8.56	0.446127
8.57	0.445723
8.58	0.445319
8.59	0.444512
8.6	0.444108
8.61	0.443704
8.62	0.443301
8.63	0.442897
8.64	0.442089
8.65	0.441686
8.66	0.441282
8.67	0.440878
8.68	0.440474
8.69	0.440071
8.7	0.439667
8.71	0.439263
8.72	0.438456
8.73	0.438052
8.74	0.437648
8.75	0.436841
8.76	0.436437
8.77	0.436033
8.78	0.435226
8.79	0.434822
8.8	0.434418
8.81	0.434015
8.82	0.433207
8.83	0.432804
8.84	0.4324
8.85	0.431996
8.86	0.431592
8.87	0.431189
8.88	0.430785
8.89	0.430785
8.9	0.430381
8.91	0.429977
8.92	0.429977
8.93	0.429574
8.94	0.429574
8.95	0.42917
8.96	0.42917
8.97	0.428766
8.98	0.428766
8.99	0.428766
9	0.428362
9.01	0.428362
9.02	0.428362
9.03	0.427959
9.04	0.427555
9.05	0.427555
9.06	0.427151
9.07	0.426747
9.08	0.426747
9.09	0.426344
9.1	0.42594
9.11	0.425536
9.12	0.425536
9.13	0.425133
9.14	0.425133
9.15	0.424729
9.16	0.424325
9.17	0.424325
9.18	0.423921
9.19	0.423921
9.2	0.423518
9.21	0.423114
9.22	0.42271
9.23	0.422306
9.24	0.421903
9.25	0.421095
9.26	0.420691
9.27	0.420288
9.28	0.41948
9.29	0.419077
9.3	0.418673
9.31	0.418269
9.32	0.417865
9.33	0.417462
9.34	0.416654
9.35	0.41625
9.36	0.415847
9.37	0.415443
9.38	0.415039
9.39	0.414232
9.4	0.413828
9.41	0.413021
9.42	0.412213
9.43	0.411809
9.44	0.411002
9.45	0.409791
9.46	0.408983
9.47	0.408176
9.48	0.407368
9.49	0.406561
9.5	0.40535
9.51	0.404542
9.52	0.403735
9.53	0.402927
9.54	0.401716
9.55	0.400908
9.56	0.400101
9.57	0.399294
9.58	0.398486
9.59	0.397275
9.6	0.396467
9.61	0.39566
9.62	0.394852
9.63	0.394045
9.64	0.393238
9.65	0.39243
9.66	0.391623
9.67	0.390815
9.68	0.390008
9.69	0.3892
9.7	0.388393
9.71	0.387181
9.72	0.386374
9.73	0.385567
9.74	0.384355
9.75	0.383548
9.76	0.382337
9.77	0.381529
9.78	0.380318
9.79	0.379511
9.8	0.378299
9.81	0.377492
9.82	0.376684
9.83	0.375473
9.84	0.374666
9.85	0.373858
9.86	0.372647
9.87	0.37184
9.88	0.371032
9.89	0.369821
9.9	0.369013
9.91	0.368206
9.92	0.367399
9.93	0.366187
9.94	0.36538
9.95	0.364572
9.96	0.363765
9.97	0.362554
9.98	0.361746
9.99	0.360939
10	0.359728
10.01	0.35892
10.02	0.358113
10.03	0.356901
10.04	0.356094
10.05	0.354883
10.06	0.354075
10.07	0.353268
10.08	0.352057
10.09	0.351249
10.1	0.350442
10.11	0.349634
10.12	0.348423
10.13	0.347616
10.14	0.346808
10.15	0.345597
10.16	0.344789
10.17	0.343578
10.18	0.342771
10.19	0.341559
10.2	0.340348
10.21	0.339137
10.22	0.337926
10.23	0.336311
10.24	0.3351
10.25	0.333889
10.26	0.332677
10.27	0.331466
10.28	0.330255
10.29	0.32864
10.3	0.327429
10.31	0.326218
10.32	0.325006
10.33	0.323795
10.34	0.322584
10.35	0.321373
10.36	0.320162
10.37	0.31895
10.38	0.317335
10.39	0.316124
10.4	0.314913
10.41	0.313298
10.42	0.312087
10.43	0.310472
10.44	0.309261
10.45	0.307646
10.46	0.306435
10.47	0.30482
10.48	0.303608
10.49	0.302397
10.5	0.300782
10.51	0.299571
10.52	0.29836
10.53	0.297149
10.54	0.295534
10.55	0.294323
10.56	0.293111
10.57	0.2919
10.58	0.290689
10.59	0.289478
10.6	0.288267
10.61	0.287055
10.62	0.286248
10.63	0.285037
10.64	0.283825
10.65	0.282614
10.66	0.281403
10.67	0.280192
10.68	0.278981
10.69	0.277769
10.7	0.276558
10.71	0.275347
10.72	0.27454
10.73	0.273328
10.74	0.272521
10.75	0.271713
10.76	0.270906
10.77	0.270098
10.78	0.269291
10.79	0.268484
10.8	0.267676
10.81	0.266869
10.82	0.266465
10.83	0.265657
10.84	0.265254
10.85	0.264446
10.86	0.264042
10.87	0.263235
10.88	0.262831
10.89	0.262024
10.9	0.26162
10.91	0.260813
10.92	0.260409
10.93	0.259601
10.94	0.258794
10.95	0.257986
10.96	0.257583
10.97	0.256775
10.98	0.255968
10.99	0.25516
11	0.254353
11.01	0.253545
11.02	0.252738
11.03	0.25193
11.04	0.251123
11.05	0.250315
11.06	0.249508
11.07	0.248701
11.08	0.247893
11.09	0.247086
11.1	0.246278
11.11	0.245874
11.12	0.245067
11.13	0.244259
11.14	0.243452
11.15	0.242645
11.16	0.241837
11.17	0.240626
11.18	0.239818
11.19	0.239011
11.2	0.2378
11.21	0.236588
11.22	0.235377
11.23	0.23457
11.24	0.233359
11.25	0.232147
11.26	0.230936
11.27	0.229725
11.28	0.228514
11.29	0.227706
11.3	0.226495
11.31	0.225284
11.32	0.224476
11.33	0.223669
11.34	0.222458
11.35	0.22165
11.36	0.220843
11.37	0.220035
11.38	0.218824
11.39	0.218017
11.4	0.217209
11.41	0.216402
11.42	0.215594
11.43	0.214383
11.44	0.213576
11.45	0.212768
11.46	0.211961
11.47	0.211153
11.48	0.210346
11.49	0.209538
11.5	0.208731
11.51	0.207923
11.52	0.207116
11.53	0.206712
11.54	0.205905
11.55	0.205097
11.56	0.20429
11.57	0.203886
11.58	0.203079
11.59	0.202271
11.6	0.201464
11.61	0.20106
11.62	0.200252
11.63	0.199849
11.64	0.199041
11.65	0.198637
11.66	0.198234
11.67	0.197426
11.68	0.197426
11.69	0.197023
11.7	0.196619
11.71	0.196215
11.72	0.196215
11.73	0.195811
11.74	0.195811
11.75	0.195408
11.76	0.195408
11.77	0.195004
11.78	0.1946
11.79	0.1946
11.8	0.194196
11.81	0.193793
11.82	0.193793
11.83	0.193389
11.84	0.192985
11.85	0.192581
11.86	0.192178
11.87	0.191774
11.88	0.19137
11.89	0.190966
11.9	0.190563
11.91	0.190159
11.92	0.189755
11.93	0.189352
11.94	0.188948
11.95	0.188544
11.96	0.18814
11.97	0.187737
11.98	0.187737
11.99	0.187333
12	0.186929
12.01	0.186525
12.02	0.186525
12.03	0.186122
12.04	0.185718
12.05	0.185314
12.06	0.18491
12.07	0.184507
12.08	0.184103
12.09	0.183699
12.1	0.183296
12.11	0.182892
12.12	0.182488
12.13	0.182084
12.14	0.181681
12.15	0.181681
12.16	0.181277
12.17	0.180873
12.18	0.180469
12.19	0.180469
12.2	0.180066
12.21	0.180066
12.22	0.179662
12.23	0.179662
12.24	0.179662
12.25	0.179662
12.26	0.179662
12.27	0.179662
12.28	0.179662
12.29	0.179662
12.3	0.179662
12.31	0.179662
12.32	0.179662
12.33	0.179662
12.34	0.180066
12.35	0.180066
12.36	0.180066
12.37	0.180066
12.38	0.180066
12.39	0.180066
12.4	0.180066
12.41	0.180066
12.42	0.180066
12.43	0.180066
12.44	0.180066
12.45	0.180066
12.46	0.179662
12.47	0.179662
12.48	0.179662
12.49	0.179662
12.5	0.179258
12.51	0.179258
12.52	0.179258
12.53	0.178854
12.54	0.178854
12.55	0.178854
12.56	0.178451
12.57	0.178451
12.58	0.178451
12.59	0.178047
12.6	0.178047
12.61	0.177643
12.62	0.177643
12.63	0.17724
12.64	0.176836
12.65	0.176432
12.66	0.176028
12.67	0.175625
12.68	0.175221
12.69	0.174817
12.7	0.174413
12.71	0.17401
12.72	0.173202
12.73	0.172798
12.74	0.171991
12.75	0.171587
12.76	0.17078
12.77	0.169972
12.78	0.169165
12.79	0.168761
12.8	0.167954
12.81	0.167146
12.82	0.166339
12.83	0.165935
12.84	0.165127
12.85	0.16432
12.86	0.163916
12.87	0.163109
12.88	0.162705
12.89	0.162301
12.9	0.161898
12.91	0.16109
12.92	0.160686
12.93	0.160283
12.94	0.159879
12.95	0.159475
12.96	0.159071
12.97	0.158668
12.98	0.158264
12.99	0.15786
13	0.157457
13.01	0.157053
13.02	0.156649
13.03	0.156649
13.04	0.156245
13.05	0.155842
13.06	0.155842
13.07	0.155438
13.08	0.155438
13.09	0.155034
13.1	0.155034
13.11	0.155034
13.12	0.155034
13.13	0.15463
13.14	0.15463
13.15	0.15463
13.16	0.154227
13.17	0.154227
13.18	0.153823
13.19	0.153823
13.2	0.153419
13.21	0.153015
13.22	0.153015
13.23	0.152612
13.24	0.152612
13.25	0.152208
13.26	0.152208
13.27	0.151804
13.28	0.151804
13.29	0.1514
13.3	0.1514
13.31	0.150997
13.32	0.150593
13.33	0.150593
13.34	0.150189
13.35	0.149786
13.36	0.149382
13.37	0.148574
13.38	0.148171
13.39	0.147767
13.4	0.146959
13.41	0.146556
13.42	0.145748
13.43	0.144941
13.44	0.144537
13.45	0.14373
13.46	0.142922
13.47	0.142115
13.48	0.141307
13.49	0.1405
13.5	0.139692
13.51	0.138885
13.52	0.138077
13.53	0.13727
13.54	0.136462
13.55	0.135655
13.56	0.134444
13.57	0.133636
13.58	0.132829
13.59	0.131618
13.6	0.13081
13.61	0.129599
13.62	0.128791
13.63	0.12758
13.64	0.126773
13.65	0.125561
13.66	0.124754
13.67	0.123543
13.68	0.122735
13.69	0.121524
13.7	0.120717
13.71	0.119909
13.72	0.118698
13.73	0.117891
13.74	0.117083
13.75	0.116276
13.76	0.115468
13.77	0.114661
13.78	0.114257
13.79	0.113449
13.8	0.112642
13.81	0.112238
13.82	0.111431
13.83	0.111027
13.84	0.11022
13.85	0.109816
13.86	0.109412
13.87	0.109008
13.88	0.109008
13.89	0.108605
13.9	0.108201
13.91	0.108201
13.92	0.108201
13.93	0.107797
13.94	0.107797
13.95	0.107393
13.96	0.107393
13.97	0.107393
13.98	0.10699
13.99	0.106586
14	0.106182
14.01	0.106182
14.02	0.105778
14.03	0.105375
14.04	0.104971
14.05	0.104567
14.06	0.104164
14.07	0.10376
14.08	0.10376
14.09	0.103356
14.1	0.103356
14.11	0.103356
14.12	0.102952
14.13	0.102952
14.14	0.102952
14.15	0.102549
14.16	0.102549
14.17	0.102549
14.18	0.102145
14.19	0.101741
14.2	0.101337
14.21	0.101337
14.22	0.100934
14.23	0.10053
14.24	0.100126
14.25	0.0997225
14.26	0.0993187
14.27	0.098915
14.28	0.0985113
14.29	0.0985113
14.3	0.0981075
14.31	0.0977038
14.32	0.0977038
14.33	0.0973001
14.34	0.0968963
14.35	0.0964926
14.36	0.0960889
14.37	0.0956851
14.38	0.0952814
14.39	0.0948777
14.4	0.0940702
14.41	0.0936665
14.42	0.092859
14.43	0.0924552
14.44	0.0916478
14.45	0.091244
14.46	0.0908403
14.47	0.0900328
14.48	0.0896291
14.49	0.0892254
14.5	0.0888216
14.51	0.0884179
14.52	0.0880142
14.53	0.0876104
14.54	0.0872067
14.55	0.086803
14.56	0.0863992
14.57	0.0859955
14.58	0.0855918
14.59	0.085188
14.6	0.0847843
14.61	0.0839768
14.62	0.0835731
14.63	0.0831694
14.64	0.0827656
14.65	0.0823619
14.66	0.0819581
14.67	0.0819581
14.68	0.0815544
14.69	0.0815544
14.7	0.0811507
14.71	0.0811507
14.72	0.0807469
14.73	0.0807469
14.74	0.0807469
14.75	0.0807469
14.76	0.0803432
14.77	0.0803432
14.78	0.0803432
14.79	0.0799395
14.8	0.0799395
14.81	0.0799395
14.82	0.0799395
14.83	0.0795357
14.84	0.0795357
14.85	0.0795357
14.86	0.0795357
14.87	0.079132
14.88	0.079132
14.89	0.079132
14.9	0.0795357
14.91	0.0795357
14.92	0.0795357
14.93	0.0799395
14.94	0.0799395
14.95	0.0803432
14.96	0.0803432
14.97	0.0807469
14.98	0.0811507
14.99	0.0815544
15	0.0819581
15.01	0.0819581
15.02	0.0823619
15.03	0.0827656
15.04	0.0827656
15.05	0.0831694
15.06	0.0831694
15.07	0.0835731
15.08	0.0839768
15.09	0.0839768
15.1	0.0843806
15.11	0.0847843
15.12	0.0847843
15.13	0.085188
15.14	0.0855918
15.15	0.0859955
15.16	0.0863992
15.17	0.0863992
15.18	0.086803
15.19	0.0872067
15.2	0.0876104
15.21	0.0876104
15.22	0.0880142
15.23	0.0884179
15.24	0.0888216
15.25	0.0888216
15.26	0.0892254
15.27	0.0896291
15.28	0.0900328
15.29	0.0904366
15.3	0.0908403
15.31	0.091244
15.32	0.0916478
15.33	0.0916478
15.34	0.0920515
15.35	0.0924552
15.36	0.092859
15.37	0.0932627
15.38	0.0932627
15.39	0.0936665
15.4	0.0940702
15.41	0.0940702
15.42	0.0944739
15.43	0.0944739
15.44	0.0948777
15.45	0.0948777
15.46	0.0952814
15.47	0.0952814
15.48	0.0956851
15.49	0.0960889
15.5	0.0964926
15.51	0.0964926
15.52	0.0968963
15.53	0.0973001
15.54	0.0977038
15.55	0.0981075
15.56	0.0981075
15.57	0.0985113
15.58	0.098915
15.59	0.098915
15.6	0.0993187
15.61	0.0993187
15.62	0.0993187
15.63	0.0997225
15.64	0.0997225
15.65	0.100126
15.66	0.100126
15.67	0.10053
15.68	0.100934
15.69	0.100934
15.7	0.101337
15.71	0.101741
15.72	0.102145
15.73	0.102549
15.74	0.102549
15.75	0.102952
15.76	0.103356
15.77	0.103356
15.78	0.103356
15.79	0.10376
15.8	0.10376
15.81	0.10376
15.82	0.10376
15.83	0.10376
15.84	0.10376
15.85	0.10376
15.86	0.10376
15.87	0.10376
15.88	0.10376
15.89	0.10376
15.9	0.10376
15.91	0.10376
15.92	0.104164
15.93	0.104164
15.94	0.104164
15.95	0.104567
15.96	0.104567
15.97	0.104567
15.98	0.104567
15.99	0.104567
16	0.104567
16.01	0.104567
16.02	0.104567
16.03	0.104164
16.04	0.104164
16.05	0.10376
16.06	0.10376
16.07	0.10376
16.08	0.103356
16.09	0.103356
16.1	0.103356
16.11	0.103356
16.12	0.103356
16.13	0.103356
16.14	0.103356
16.15	0.103356
16.16	0.103356
16.17	0.102952
16.18	0.102952
16.19	0.102952
16.2	0.102952
16.21	0.102549
16.22	0.102549
16.23	0.102145
16.24	0.102145
16.25	0.101741
16.26	0.101741
16.27	0.101337
16.28	0.100934
16.29	0.100934
16.3	0.10053
16.31	0.100126
16.32	0.100126
16.33	0.0997225
16.34	0.0993187
16.35	0.0993187
16.36	0.098915
16.37	0.0985113
16.38	0.0981075
16.39	0.0977038
16.4	0.0977038
16.41	0.0973001
16.42	0.0968963
16.43	0.0964926
16.44	0.0960889
16.45	0.0956851
16.46	0.0952814
16.47	0.0948777
16.48	0.0944739
16.49	0.0940702
16.5	0.0936665
16.51	0.0932627
16.52	0.092859
16.53	0.0924552
16.54	0.0916478
16.55	0.091244
16.56	0.0908403
16.57	0.0904366
16.58	0.0900328
16.59	0.0896291
16.6	0.0892254
16.61	0.0884179
16.62	0.0880142
16.63	0.0876104
16.64	0.086803
16.65	0.0863992
16.66	0.0859955
16.67	0.0855918
16.68	0.085188
16.69	0.0843806
16.7	0.0839768
16.71	0.0835731
16.72	0.0831694
16.73	0.0827656
16.74	0.0823619
16.75	0.0819581
16.76	0.0815544
16.77	0.0811507
16.78	0.0803432
16.79	0.0799395
16.8	0.0795357
16.81	0.0787283
16.82	0.0783245
16.83	0.0775171
16.84	0.0771133
16.85	0.0767096
16.86	0.0763059
16.87	0.0754984
16.88	0.0750947
16.89	0.0746909
16.9	0.0746909
16.91	0.0742872
16.92	0.0738835
16.93	0.0734797
16.94	0.0734797
16.95	0.073076
16.96	0.0726723
16.97	0.0726723
16.98	0.0722685
16.99	0.0722685
17	0.0718648
17.01	0.0714611
17.02	0.0714611
17.03	0.0714611
17.04	0.0710573
17.05	0.0710573
17.06	0.0710573
17.07	0.0710573
17.08	0.0710573
17.09	0.0710573
17.1	0.0714611
17.11	0.0714611
17.12	0.0714611
17.13	0.0710573
17.14	0.0710573
17.15	0.0710573
17.16	0.0706536
17.17	0.0706536
17.18	0.0702498
17.19	0.0702498
17.2	0.0698461
17.21	0.0694424
17.22	0.0694424
17.23	0.0690386
17.24	0.0690386
17.25	0.0686349
17.26	0.0686349
17.27	0.0686349
17.28	0.0686349
17.29	0.0682312
17.3	0.0682312
17.31	0.0682312
17.32	0.0682312
17.33	0.0682312
17.34	0.0682312
17.35	0.0682312
17.36	0.0682312
17.37	0.0682312
17.38	0.0682312
17.39	0.0678274
17.4	0.0678274
17.41	0.0678274
17.42	0.0678274
17.43	0.0678274
17.44	0.0682312
17.45	0.0682312
17.46	0.0682312
17.47	0.0682312
17.48	0.0682312
17.49	0.0682312
17.5	0.0682312
17.51	0.0682312
17.52	0.0682312
17.53	0.0682312
17.54	0.0682312
17.55	0.0682312
17.56	0.0682312
17.57	0.0682312
17.58	0.0682312
17.59	0.0678274
17.6	0.0678274
17.61	0.0678274
17.62	0.0678274
17.63	0.0678274
17.64	0.0678274
17.65	0.0678274
17.66	0.0678274
17.67	0.0678274
17.68	0.0678274
17.69	0.0682312
17.7	0.0682312
17.71	0.0686349
17.72	0.0686349
17.73	0.0690386
17.74	0.0694424
17.75	0.0694424
17.76	0.0698461
17.77	0.0702498
17.78	0.0706536
17.79	0.0706536
17.8	0.0710573
17.81	0.0714611
17.82	0.0718648
17.83	0.0722685
17.84	0.0722685
17.85	0.0726723
17.86	0.073076
17.87	0.073076
17.88	0.0734797
17.89	0.0734797
17.9	0.0738835
17.91	0.0738835
17.92	0.0742872
17.93	0.0742872
17.94	0.0742872
17.95	0.0746909
17.96	0.0746909
17.97	0.0746909
17.98	0.0746909
17.99	0.0746909
18	0.0750947
18.01	0.0750947
18.02	0.0750947
18.03	0.0750947
18.04	0.0750947
18.05	0.0750947
18.06	0.0750947
18.07	0.0750947
18.08	0.0754984
18.09	0.0754984
18.1	0.0754984
18.11	0.0754984
18.12	0.0754984
18.13	0.0759021
18.14	0.0759021
18.15	0.0759021
18.16	0.0759021
18.17	0.0759021
18.18	0.0759021
18.19	0.0759021
18.2	0.0759021
18.21	0.0759021
18.22	0.0759021
18.23	0.0759021
18.24	0.0759021
18.25	0.0759021
18.26	0.0759021
18.27	0.0759021
18.28	0.0754984
18.29	0.0754984
18.3	0.0754984
18.31	0.0754984
18.32	0.0754984
18.33	0.0754984
18.34	0.0754984
18.35	0.0750947
18.36	0.0750947
18.37	0.0750947
18.38	0.0750947
18.39	0.0746909
18.4	0.0746909
18.41	0.0746909
18.42	0.0742872
18.43	0.0742872
18.44	0.0742872
18.45	0.0738835
18.46	0.0738835
18.47	0.0738835
18.48	0.0734797
18.49	0.0734797
18.5	0.0734797
18.51	0.0734797
18.52	0.0734797
18.53	0.0734797
18.54	0.0738835
18.55	0.0738835
18.56	0.0738835
18.57	0.0738835
18.58	0.0742872
18.59	0.0742872
18.6	0.0742872
18.61	0.0742872
18.62	0.0742872
18.63	0.0742872
18.64	0.0742872
18.65	0.0742872
18.66	0.0742872
18.67	0.0742872
18.68	0.0742872
18.69	0.0738835
18.7	0.0738835
18.71	0.0738835
18.72	0.0734797
18.73	0.0734797
18.74	0.073076
18.75	0.073076
18.76	0.0726723
18.77	0.0726723
18.78	0.0722685
18.79	0.0718648
18.8	0.0718648
18.81	0.0714611
18.82	0.0710573
18.83	0.0710573
18.84	0.0706536
18.85	0.0702498
18.86	0.0702498
18.87	0.0698461
18.88	0.0694424
18.89	0.0694424
18.9	0.0690386
18.91	0.0690386
18.92	0.0686349
18.93	0.0686349
18.94	0.0686349
18.95	0.0682312
18.96	0.0678274
18.97	0.0678274
18.98	0.0674237
18.99	0.06702
19	0.0666162
19.01	0.0662125
19.02	0.0658088
19.03	0.065405
19.04	0.0645976
19.05	0.0641938
19.06	0.0637901
19.07	0.0629826
19.08	0.0625789
19.09	0.0617714
19.1	0.0613677
19.11	0.060964
19.12	0.0605602
19.13	0.0597527
19.14	0.059349
19.15	0.0589453
19.16	0.0585415
19.17	0.0585415
19.18	0.0581378
19.19	0.0577341
19.2	0.0573303
19.21	0.0569266
19.22	0.0569266
19.23	0.0565229
19.24	0.0561191
19.25	0.0557154
19.26	0.0553117
19.27	0.0549079
19.28	0.0545042
19.29	0.0541005
19.3	0.0536967
19.31	0.053293
19.32	0.0528893
19.33	0.0524855
19.34	0.0520818
19.35	0.0516781
19.36	0.0508706
19.37	0.0508706
19.38	0.0504669
19.39	0.0500631
19.4	0.0496594
19.41	0.0492556
19.42	0.0488519
19.43	0.0480444
19.44	0.0476407
19.45	0.047237
19.46	0.0468332
19.47	0.0464295
19.48	0.0460258
19.49	0.045622
19.5	0.0452183
19.51	0.0452183
19.52	0.0448146
19.53	0.0444108
19.54	0.0440071
19.55	0.0440071
19.56	0.0436034
19.57	0.0436034
19.58	0.0431996
19.59	0.0431996
19.6	0.0427959
19.61	0.0423922
19.62	0.0423922
19.63	0.0419884
19.64	0.0415847
19.65	0.0415847
19.66	0.041181
19.67	0.0407772
19.68	0.0407772
19.69	0.0403735
19.7	0.0399698
19.71	0.0399698
19.72	0.039566
19.73	0.0391623
19.74	0.0387585
19.75	0.0387585
19.76	0.0383548
19.77	0.0379511
19.78	0.0375473
19.79	0.0371436
19.8	0.0367399
19.81	0.0363361
19.82	0.0359324
19.83	0.0359324
19.84	0.0355287
19.85	0.0351249
19.86	0.0351249
19.87	0.0347212
19.88	0.0347212
19.89	0.0343175
19.9	0.0343175
19.91	0.0343175
19.92	0.0343175
19.93	0.0339137
19.94	0.0339137
19.95	0.0339137
19.96	0.0339137
19.97	0.03351
19.98	0.03351
19.99	0.0331063
20	0.0331063
20.01	0.0327025
20.02	0.0327025
20.03	0.0322988
20.04	0.0318951
20.05	0.0314913
20.06	0.0310876
20.07	0.0310876
20.08	0.0306839
20.09	0.0306839
20.1	0.0302801
20.11	0.0302801
20.12	0.0298764
20.13	0.0298764
20.14	0.0298764
20.15	0.0294727
20.16	0.0294727
20.17	0.0290689
20.18	0.0290689
20.19	0.0286652
20.2	0.0282614
20.21	0.0282614
20.22	0.0278577
20.23	0.027454
20.24	0.027454
20.25	0.0270502
20.26	0.0270502
20.27	0.0270502
20.28	0.0270502
20.29	0.0270502
20.3	0.0270502
20.31	0.0270502
20.32	0.0270502
20.33	0.0270502
20.34	0.027454
20.35	0.027454
20.36	0.027454
20.37	0.027454
20.38	0.027454
20.39	0.0278577
20.4	0.0278577
20.41	0.0278577
20.42	0.0278577
20.43	0.0278577
20.44	0.0282614
20.45	0.0282614
20.46	0.0282614
20.47	0.0282614
20.48	0.0286652
20.49	0.0286652
20.5	0.0286652
20.51	0.0286652
20.52	0.0290689
20.53	0.0290689
20.54	0.0290689
20.55	0.0290689
20.56	0.0294727
20.57	0.0294727
20.58	0.0294727
20.59	0.0298764
20.6	0.0298764
20.61	0.0298764
20.62	0.0302801
20.63	0.0306839
20.64	0.0306839
20.65	0.0310876
20.66	0.0310876
20.67	0.0314913
20.68	0.0318951
20.69	0.0322988
20.7	0.0327025
20.71	0.0327025
20.72	0.0331063
20.73	0.03351
20.74	0.0339137
20.75	0.0343175
20.76	0.0343175
20.77	0.0347212
20.78	0.0351249
20.79	0.0355287
20.8	0.0355287
20.81	0.0359324
20.82	0.0363361
20.83	0.0363361
20.84	0.0367399
20.85	0.0371436
20.86	0.0371436
20.87	0.0375473
20.88	0.0375473
20.89	0.0379511
20.9	0.0379511
20.91	0.0383548
20.92	0.0387585
20.93	0.0387585
20.94	0.0391623
20.95	0.039566
20.96	0.039566
20.97	0.0399698
20.98	0.0403735
20.99	0.0403735
21	0.0403735
21.01	0.0407772
21.02	0.0407772
21.03	0.0407772
21.04	0.0407772
21.05	0.0407772
21.06	0.0407772
21.07	0.0407772
21.08	0.0407772
21.09	0.041181
21.1	0.041181
21.11	0.041181
21.12	0.041181
21.13	0.0415847
21.14	0.0415847
21.15	0.0415847
21.16	0.0415847
21.17	0.0419884
21.18	0.0419884
21.19	0.0419884
21.2	0.0419884
21.21	0.0419884
21.22	0.0419884
21.23	0.0419884
21.24	0.0419884
21.25	0.0419884
21.26	0.0419884
21.27	0.0419884
21.28	0.0419884
21.29	0.0419884
21.3	0.0423922
21.31	0.0423922
21.32	0.0423922
21.33	0.0423922
21.34	0.0427959
21.35	0.0427959
21.36	0.0427959
21.37	0.0427959
21.38	0.0427959
21.39	0.0427959
21.4	0.0427959
21.41	0.0427959
21.42	0.0427959
21.43	0.0427959
21.44	0.0427959
21.45	0.0427959
21.46	0.0427959
21.47	0.0427959
21.48	0.0427959
21.49	0.0427959
21.5	0.0427959
21.51	0.0427959
21.52	0.0423922
21.53	0.0423922
21.54	0.0423922
21.55	0.0423922
21.56	0.0423922
21.57	0.0419884
21.58	0.0419884
21.59	0.0419884
21.6	0.0415847
21.61	0.0415847
21.62	0.0415847
21.63	0.041181
21.64	0.041181
21.65	0.041181
21.66	0.041181
21.67	0.041181
21.68	0.0407772
21.69	0.0407772
21.7	0.0407772
21.71	0.0407772
21.72	0.0407772
21.73	0.0403735
21.74	0.0403735
21.75	0.0403735
21.76	0.0399698
21.77	0.0399698
21.78	0.0399698
21.79	0.039566
21.8	0.039566
21.81	0.0391623
21.82	0.0391623
21.83	0.0391623
21.84	0.0387585
21.85	0.0387585
21.86	0.0387585
21.87	0.0387585
21.88	0.0387585
21.89	0.0387585
21.9	0.0387585
21.91	0.0387585
21.92	0.0387585
21.93	0.0387585
21.94	0.0383548
21.95	0.0383548
21.96	0.0383548
21.97	0.0379511
21.98	0.0379511
21.99	0.0375473
22	0.0371436
22.01	0.0367399
22.02	0.0363361
22.03	0.0359324
22.04	0.0355287
22.05	0.0351249
22.06	0.0347212
22.07	0.0343175
22.08	0.0339137
22.09	0.03351
22.1	0.03351
22.11	0.0331063
22.12	0.0327025
22.13	0.0322988
22.14	0.0318951
22.15	0.0318951
22.16	0.0314913
22.17	0.0310876
22.18	0.0306839
22.19	0.0302801
22.2	0.0298764
22.21	0.0290689
22.22	0.0286652
22.23	0.0282614
22.24	0.0278577
22.25	0.027454
22.26	0.027454
22.27	0.0270502
22.28	0.0266465
22.29	0.0262428
22.3	0.0262428
22.31	0.025839
22.32	0.0254353
22.33	0.0250316
22.34	0.0250316
22.35	0.0246278
22.36	0.0242241
22.37	0.0238204
22.38	0.0238204
22.39	0.0234166
22.4	0.0230129
22.41	0.0226092
22.42	0.0226092
22.43	0.0222054
22.44	0.0218017
22.45	0.0218017
22.46	0.021398
22.47	0.0209942
22.48	0.0209942
22.49	0.0205905
22.5	0.0205905
22.51	0.0201868
22.52	0.019783
22.53	0.019783
22.54	0.0193793
22.55	0.0189756
22.56	0.0185718
22.57	0.0185718
22.58	0.0181681
22.59	0.0177644
22.6	0.0173606
22.61	0.0173606
22.62	0.0169569
22.63	0.0169569
22.64	0.0165531
22.65	0.0165531
22.66	0.0161494
22.67	0.0161494
22.68	0.0161494
22.69	0.0161494
22.7	0.0157457
22.71	0.0157457
22.72	0.0157457
22.73	0.0157457
22.74	0.0157457
22.75	0.0157457
22.76	0.0157457
22.77	0.0153419
22.78	0.0153419
22.79	0.0153419
22.8	0.0153419
22.81	0.0153419
22.82	0.0149382
22.83	0.0149382
22.84	0.0149382
22.85	0.0149382
22.86	0.0145345
22.87	0.0145345
22.88	0.0141307
22.89	0.0141307
22.9	0.013727
22.91	0.013727
22.92	0.0133233
22.93	0.0129195
22.94	0.0125158
22.95	0.0125158
22.96	0.0121121
22.97	0.0117083
22.98	0.0117083
22.99	0.0113046
23	0.0113046
23.01	0.0109009
23.02	0.0109009
23.03	0.0104971
23.04	0.0104971
23.05	0.0100934
23.06	0.0100934
23.07	0.00968966
23.08	0.00928592
23.09	0.00928592
23.1	0.00888219
23.11	0.00888219
23.12	0.00847845
23.13	0.00807472
23.14	0.00807472
23.15	0.00767099
23.16	0.00726725
23.17	0.00726725
23.18	0.00686352
23.19	0.00686352
23.2	0.00645978
23.21	0.00645978
23.22	0.00605605
23.23	0.00605605
23.24	0.00605605
23.25	0.00565231
23.26	0.00565231
23.27	0.00565231
23.28	0.00524858
23.29	0.00524858
23.3	0.00524858
23.31	0.00484484
23.32	0.00484484
23.33	0.00484484
23.34	0.00444111
23.35	0.00444111
23.36	0.00444111
23.37	0.00403737
23.38	0.00403737
23.39	0.00363364
23.4	0.00363364
23.41	0.00363364
23.42	0.0032299
23.43	0.0032299
23.44	0.0032299
23.45	0.0032299
23.46	0.00282617
23.47	0.00282617
23.48	0.00282617
23.49	0.00282617
23.5	0.00282617
23.51	0.00282617
23.52	0.00282617
23.53	0.00282617
23.54	0.00282617
23.55	0.00282617
23.56	0.00282617
23.57	0.00282617
23.58	0.00282617
23.59	0.00282617
23.6	0.00282617
